[[255,255,255,255,255,255,255,255,255,255,255,255,255,255,255,255,255,255,255,255,255,255,255,255,255,255,255,255,255,255,255,255,255,255,255,255,255,255,255,255,255,255,255,255,255,255,255,254,252,253,254,255,255,255,255,255,255,255,254,254,254,255,255,254,255,255,255,254,255,255,255,255,255,254,254,255,255,255,254,253,255,255,255,255,255,255,255,255,255,255,255,255,255,255,255,255,255,255,255,255,255,255,255,255,255,255,255,255,255,255,255,255,255,255,255,255,255,255,255,255,255,255,255,255,255,255,255,255],
 [255,255,255,255,255,255,255,255,255,255,255,255,255,255,255,255,255,255,255,255,255,255,255,255,255,255,255,255,255,255,255,255,255,255,255,255,255,255,255,255,254,254,255,255,255,255,255,255,255,255,255,255,255,255,255,255,253,254,255,255,255,255,255,255,254,255,255,255,255,255,255,255,255,254,254,254,255,255,255,255,255,255,255,255,255,255,255,255,255,255,255,255,255,255,255,255,255,255,255,255,255,255,255,255,255,255,255,255,255,255,255,255,255,255,255,255,255,255,255,255,255,255,255,255,255,255,255,255],
 [255,255,255,255,255,255,255,255,255,255,255,255,255,255,255,255,255,255,255,255,255,255,255,255,255,255,255,255,255,255,255,255,255,255,255,255,255,255,255,255,255,255,255,255,255,255,255,255,254,253,252,252,254,255,255,255,255,255,255,255,255,254,254,253,252,254,255,255,255,254,255,255,255,255,254,253,253,253,253,253,255,255,255,255,255,255,255,255,255,255,255,255,255,255,255,255,255,255,255,255,255,255,255,255,255,255,255,255,255,255,255,255,255,255,255,255,255,255,255,255,255,255,255,255,255,255,255,255],
 [255,255,255,255,255,255,255,255,255,255,255,255,255,255,255,255,255,255,255,255,255,255,255,255,255,255,255,255,255,255,255,255,255,255,255,255,255,255,255,255,255,255,255,255,255,255,255,255,255,255,255,255,255,255,255,254,255,255,255,255,255,255,255,255,255,255,255,255,254,254,254,254,255,255,255,255,255,255,255,255,255,255,255,255,255,255,255,255,255,255,255,255,255,255,255,255,255,255,255,255,255,255,255,255,255,255,255,255,255,255,255,255,255,255,255,255,255,255,255,255,255,255,255,255,255,255,255,255],
 [255,255,255,255,255,255,255,255,255,255,255,255,255,255,255,255,255,255,255,255,255,255,255,255,255,255,255,255,255,255,255,255,255,255,255,255,255,255,255,255,253,254,254,255,255,255,255,255,253,255,255,254,253,254,254,254,255,255,255,255,254,254,255,255,254,253,253,253,255,255,255,255,253,254,255,254,254,255,255,254,255,255,255,255,255,254,254,253,255,255,255,255,255,255,255,255,255,255,255,255,255,255,255,255,255,255,255,255,255,255,255,255,255,255,255,255,255,255,255,255,255,255,255,255,255,255,255,255],
 [255,255,255,255,255,255,255,255,255,255,255,255,255,255,255,255,255,255,255,255,255,255,255,255,255,255,255,255,255,255,255,255,255,255,255,255,255,255,255,255,255,255,255,255,254,254,254,253,254,255,255,252,251,253,254,253,251,251,252,254,255,255,255,254,254,254,254,254,254,253,251,249,251,253,253,251,251,254,255,255,253,253,254,255,255,255,255,255,255,255,255,255,255,255,255,255,255,255,255,255,255,255,255,255,255,255,255,255,255,255,255,255,255,255,255,255,255,255,255,255,255,255,255,255,255,255,255,255],
 [255,255,255,255,255,255,255,255,255,255,255,255,255,255,255,255,255,255,255,255,255,255,255,255,255,255,255,255,255,255,255,255,255,255,255,255,255,255,255,255,255,255,255,254,254,253,252,252,252,254,254,253,255,255,255,251,255,255,254,253,255,255,255,254,255,255,255,255,253,253,255,255,253,255,255,255,254,255,255,252,251,252,253,254,255,255,255,255,255,255,255,255,255,255,255,255,255,255,255,255,255,255,255,255,255,255,255,255,255,255,255,255,255,255,255,255,255,255,255,255,255,255,255,255,255,255,255,255],
 [255,255,255,255,255,255,255,255,255,255,255,255,255,255,255,255,255,255,255,255,255,255,255,255,255,255,255,255,255,255,255,255,255,255,255,255,255,255,255,255,252,252,253,253,254,255,255,255,255,249,235,215,196,176,153,136,116,107,93,82,74,68,63,60,60,64,70,76,83,95,109,119,142,156,177,198,219,239,251,255,255,255,255,255,254,253,252,251,255,255,255,255,255,255,255,255,255,255,255,255,255,255,255,255,255,255,255,255,255,255,255,255,255,255,255,255,255,255,255,255,255,255,255,255,255,255,255,255],
 [255,255,255,255,255,255,255,255,255,255,255,255,255,255,255,255,255,255,255,255,255,255,255,255,255,254,255,251,254,255,252,255,255,255,254,255,253,250,255,252,255,253,255,250,223,194,154,108,76,48,17,3,1,0,0,0,0,0,2,6,10,14,17,18,20,16,11,7,5,3,1,0,0,0,0,2,6,22,53,82,118,162,200,228,253,255,251,255,255,253,246,254,255,253,255,255,254,255,254,255,255,255,254,253,255,255,255,255,255,255,255,255,255,255,255,255,255,255,255,255,255,255,255,255,255,255,255,255],
 [255,255,255,255,255,255,255,255,255,255,255,255,255,255,255,255,255,255,255,255,255,255,255,255,253,255,250,255,255,255,253,255,255,252,254,247,255,255,252,245,200,151,90,44,13,0,0,7,8,27,56,83,107,132,157,174,196,201,210,220,227,231,232,233,231,231,230,227,220,208,195,186,172,154,129,104,81,54,25,5,2,0,0,20,55,102,163,213,252,253,255,255,252,252,255,253,255,249,253,255,251,250,255,255,255,255,255,255,255,255,255,255,255,255,255,255,255,255,255,255,255,255,255,255,255,255,255,255],
 [255,255,255,255,255,255,255,255,255,255,255,255,255,255,255,255,255,255,255,255,255,255,255,255,255,255,255,254,250,255,255,252,250,255,254,255,224,168,92,31,0,1,2,23,70,114,154,190,224,241,255,255,255,254,255,255,253,254,255,255,255,255,254,253,255,254,253,254,255,255,255,255,255,255,253,253,255,255,238,218,185,148,106,61,16,0,0,0,44,106,184,233,253,255,251,253,252,255,255,253,254,255,255,252,255,255,255,255,255,255,255,255,255,255,255,255,255,255,255,255,255,255,255,255,255,255,255,255],
 [255,255,255,255,255,255,255,255,255,255,255,255,255,255,255,255,255,255,255,255,255,255,255,255,254,253,255,255,255,253,255,254,253,238,167,84,15,0,0,37,93,151,205,236,255,255,254,255,252,255,254,250,251,254,252,247,254,252,251,250,251,254,255,255,255,255,254,252,252,252,251,251,249,253,255,252,251,254,254,251,255,253,255,251,229,195,138,80,26,0,0,31,98,188,242,254,255,250,252,255,255,253,255,255,255,255,255,255,255,255,255,255,255,255,255,255,255,255,255,255,255,255,255,255,255,255,255,255],
 [255,255,255,255,255,255,255,255,255,255,255,255,255,255,255,255,255,255,255,255,255,255,255,255,252,255,246,254,253,249,254,223,126,31,1,0,55,129,192,245,255,254,254,254,254,252,249,249,255,255,255,253,254,254,254,253,255,255,255,255,255,255,254,253,253,253,254,255,255,255,255,255,254,254,254,253,252,254,255,255,249,251,254,255,255,254,253,253,238,184,107,36,0,0,54,147,231,255,252,246,255,255,255,250,255,255,255,255,255,255,255,255,255,255,255,255,255,255,255,255,255,255,255,255,255,255,255,255],
 [255,255,255,255,255,255,255,255,255,255,255,255,255,255,255,255,255,255,255,255,255,255,255,255,255,251,255,255,252,235,113,15,1,24,111,199,247,254,255,251,252,247,253,255,253,252,255,255,251,252,254,255,255,255,255,255,252,253,254,255,255,255,255,255,255,255,255,253,254,255,255,255,255,255,255,255,255,253,251,251,255,255,250,251,255,254,250,255,251,255,253,234,190,92,9,1,28,145,245,254,245,252,253,255,255,255,255,255,255,255,255,255,255,255,255,255,255,255,255,255,255,255,255,255,255,255,255,255],
 [255,255,255,255,255,255,255,255,255,255,255,255,255,255,255,255,255,255,255,255,255,255,255,255,250,247,255,255,156,23,4,36,142,237,252,255,255,249,251,254,255,255,254,253,252,255,255,251,255,255,255,255,255,253,252,253,255,255,255,255,255,255,255,255,254,255,255,255,255,255,253,252,254,253,254,255,255,254,255,255,249,255,255,255,255,255,253,253,255,249,253,255,255,255,208,123,17,0,45,193,255,245,255,248,255,255,255,255,255,255,255,255,255,255,255,255,255,255,255,255,255,255,255,255,255,255,255,255],
 [255,255,255,255,255,255,255,255,255,255,255,255,255,255,255,255,255,255,255,255,255,255,255,255,252,255,242,98,3,12,135,236,255,255,255,246,255,255,249,255,253,255,255,255,255,255,255,255,255,255,255,254,255,255,255,255,253,253,254,255,255,255,255,255,254,255,255,255,255,255,255,255,254,255,255,255,254,254,255,255,255,255,255,254,253,255,255,255,252,255,253,253,252,253,255,252,221,99,7,0,134,255,247,255,255,255,255,255,255,255,255,255,255,255,255,255,255,255,255,255,255,255,255,255,255,255,255,255],
 [255,255,255,255,255,255,255,255,255,255,255,255,255,255,255,255,255,255,253,252,255,255,255,255,255,245,75,0,59,208,255,255,252,253,254,254,255,255,255,255,255,255,255,255,255,255,255,255,255,255,255,255,255,255,255,255,255,255,255,255,255,255,255,255,255,255,255,255,255,255,255,255,255,255,255,255,255,255,255,255,255,255,255,255,255,255,255,255,255,255,255,254,254,253,252,252,254,255,181,31,0,113,255,251,254,255,255,255,255,255,255,255,255,255,255,255,255,255,255,255,255,255,255,255,255,255,255,255],
 [255,255,255,255,255,255,255,255,255,255,255,255,255,255,255,255,254,255,253,255,255,253,254,254,255,97,3,83,246,255,243,255,253,253,254,254,255,255,255,255,255,255,255,255,255,255,255,255,255,255,255,255,255,255,255,255,255,255,255,255,255,255,255,255,255,255,255,255,255,255,255,255,255,255,255,255,255,255,255,255,255,255,255,255,255,255,255,255,255,255,255,255,255,254,253,253,254,249,255,214,55,1,139,255,252,253,254,255,255,255,255,255,255,255,255,255,255,255,255,255,255,255,255,255,255,255,255,255],
 [255,255,255,255,255,255,255,255,255,255,255,255,255,255,255,255,254,255,253,255,255,252,254,255,178,0,56,246,251,254,252,255,254,254,255,255,255,255,255,255,255,255,255,255,255,255,255,255,255,255,255,255,255,255,255,255,255,255,255,255,255,255,255,255,255,255,255,255,255,255,255,255,255,255,255,255,255,255,255,255,255,255,255,255,255,255,255,255,255,255,255,255,255,255,255,254,254,255,247,255,212,20,21,210,252,253,254,255,255,255,255,255,255,255,255,255,255,255,255,255,255,255,255,255,255,255,255,255],
 [255,255,255,255,255,255,255,255,255,255,255,255,255,255,255,255,255,255,253,255,255,254,255,252,76,0,199,255,251,252,255,252,255,255,255,255,255,255,255,255,255,255,255,255,255,255,255,255,255,255,255,255,255,255,255,255,255,255,255,255,255,255,255,255,255,255,255,255,255,255,255,255,255,255,255,255,255,255,255,255,255,255,255,255,255,255,255,255,255,255,255,255,255,255,255,255,255,255,252,250,255,147,0,129,254,255,255,255,255,255,255,255,255,255,255,255,255,255,255,255,255,255,255,255,255,255,255,255],
 [255,255,255,255,255,255,255,255,255,255,255,255,255,255,255,255,255,255,255,255,254,255,255,243,22,50,248,253,251,255,254,255,255,255,255,255,255,255,255,255,255,255,255,255,255,255,255,255,255,255,255,255,255,255,255,255,255,255,255,255,255,255,255,255,255,255,255,255,255,255,255,255,255,255,255,255,255,255,255,255,255,255,255,255,255,255,255,255,255,255,255,255,255,255,255,255,255,255,254,249,255,222,14,71,254,255,255,255,255,255,255,255,255,255,255,255,255,255,255,255,255,255,255,255,255,255,255,255],
 [255,255,255,255,255,255,255,255,255,255,255,255,255,255,255,255,254,255,255,255,253,255,253,234,20,68,251,250,255,254,254,253,255,255,255,255,255,255,255,255,255,255,255,255,255,255,255,255,255,255,255,255,255,255,255,255,255,255,255,255,255,255,255,255,255,255,255,255,255,255,255,255,255,255,255,255,255,255,255,255,255,255,255,255,255,255,255,255,255,255,255,254,255,255,255,255,251,251,255,255,255,227,23,48,252,253,254,255,255,255,255,255,255,255,255,255,255,255,255,255,255,255,255,255,255,255,255,255],
 [255,255,255,255,255,255,255,255,255,255,255,255,255,255,255,255,255,255,255,255,253,255,254,237,27,21,237,255,251,255,255,255,255,255,255,255,255,255,255,255,255,255,255,255,255,255,255,255,255,255,255,255,255,255,255,255,255,255,255,255,255,255,255,255,255,255,255,255,255,255,255,255,255,255,255,255,255,255,255,255,255,255,255,255,255,255,255,255,255,255,255,255,254,255,255,255,255,255,255,248,251,199,3,43,252,253,254,255,255,255,255,255,255,255,255,255,255,255,255,255,255,255,255,255,255,255,255,255],
 [255,255,255,255,255,255,255,255,255,255,255,255,255,255,255,255,255,255,254,255,253,255,255,246,49,1,128,255,245,255,251,255,255,255,254,254,254,255,255,255,255,255,255,255,255,255,255,255,255,255,255,255,255,255,255,255,255,255,255,255,255,255,255,255,255,255,255,255,255,255,255,255,255,255,255,255,255,255,255,255,255,255,255,255,255,255,255,255,255,255,255,255,255,255,255,255,255,252,250,255,255,79,1,61,254,255,255,255,255,255,255,255,255,255,255,255,255,255,255,255,255,255,255,255,255,255,255,255],
 [255,255,255,255,255,255,255,255,255,255,255,255,255,255,255,255,255,254,255,254,255,255,252,255,64,3,16,172,253,249,255,254,255,253,255,255,255,255,250,255,254,254,255,255,254,255,255,255,255,255,255,255,255,255,255,255,255,255,255,255,255,255,255,255,255,255,255,255,255,255,255,255,255,255,255,255,255,255,255,255,255,254,255,255,253,252,255,255,255,252,255,254,251,255,254,255,253,255,250,255,139,3,7,78,255,253,254,255,255,254,255,255,255,255,255,255,255,255,255,255,255,255,255,255,255,255,255,255],
 [255,255,255,255,255,255,255,255,255,255,255,255,255,255,255,255,255,254,255,254,255,255,251,255,80,7,12,11,169,253,253,255,254,255,255,249,253,255,254,252,254,254,255,255,253,254,255,254,255,255,255,255,255,255,255,255,255,255,255,255,255,255,255,255,255,255,255,255,255,255,254,254,255,255,255,255,255,255,255,255,255,253,252,255,255,255,255,255,255,252,255,255,254,255,255,255,250,252,255,127,0,28,0,90,255,253,254,255,255,254,255,255,255,255,255,255,255,255,255,255,255,255,255,255,255,255,255,255],
 [255,255,255,255,255,255,255,255,255,255,255,255,255,255,255,255,255,255,255,254,255,255,251,255,90,12,124,18,0,103,231,254,254,253,251,255,255,254,255,255,255,253,251,254,255,255,255,253,254,254,255,255,255,255,255,255,255,255,255,255,255,255,255,255,255,255,255,255,255,255,255,255,255,255,255,255,255,255,255,255,250,255,255,255,253,255,255,253,255,255,251,254,255,252,248,251,255,206,73,3,47,146,0,111,255,252,254,255,255,255,255,255,255,255,255,255,255,255,255,255,255,255,255,255,255,255,255,255],
 [255,255,255,255,255,255,255,255,255,255,255,255,255,255,255,255,255,255,255,254,255,255,251,255,121,0,205,216,47,0,36,143,242,255,254,255,254,250,254,251,254,255,255,255,254,252,252,255,255,255,255,255,255,255,255,255,255,255,255,255,255,255,255,255,255,255,255,255,255,255,255,255,255,255,255,255,255,255,255,255,255,255,254,252,252,255,255,251,255,253,254,255,248,253,255,231,119,15,1,73,238,196,1,126,254,252,254,255,255,255,255,255,255,255,255,255,255,255,255,255,255,255,255,255,255,255,255,255],
 [255,255,255,255,255,255,255,255,255,255,255,255,255,255,255,255,255,255,255,254,255,255,251,255,142,0,167,253,245,125,13,2,38,135,221,255,255,252,255,253,254,255,253,251,254,255,254,255,255,255,255,255,255,255,255,255,255,255,255,255,255,255,255,255,255,255,255,255,255,254,254,254,255,255,255,255,255,255,255,255,255,252,255,255,255,251,251,254,249,255,251,255,254,206,110,15,2,31,162,255,252,157,0,150,254,252,254,255,255,255,255,255,255,255,255,255,255,255,255,255,255,255,255,255,255,255,255,255],
 [255,255,255,255,255,255,255,255,255,255,255,255,255,255,255,255,255,255,255,254,255,255,251,255,154,8,153,255,250,253,224,109,18,2,11,80,172,232,253,253,251,255,254,250,255,255,254,253,254,254,254,254,255,255,255,255,255,255,255,255,255,255,255,255,255,255,255,255,255,255,255,255,255,255,255,254,254,254,254,254,255,255,255,249,248,255,255,255,255,255,222,153,69,3,0,34,134,231,253,255,255,145,0,167,255,252,254,255,255,255,255,255,255,255,255,255,255,255,255,255,255,255,255,255,255,255,255,255],
 [255,255,255,255,255,255,255,255,255,255,255,255,255,255,255,255,255,254,255,254,255,255,251,255,182,0,131,250,248,253,255,255,227,139,50,5,0,18,80,152,213,241,255,255,253,251,251,255,253,253,253,253,253,254,254,254,255,255,255,255,255,255,255,255,254,255,255,255,255,255,255,255,254,254,253,253,253,253,252,252,251,255,255,253,255,255,233,195,136,59,14,1,0,61,165,238,255,255,251,245,254,119,4,188,255,253,254,255,255,254,255,255,255,255,255,255,255,255,255,255,255,255,255,255,255,255,255,255],
 [255,255,255,255,255,255,255,255,255,255,255,255,255,255,255,255,255,254,255,254,255,255,252,255,196,2,109,254,251,255,246,254,255,255,248,194,117,47,3,0,0,42,92,138,189,227,245,255,254,254,254,255,255,255,255,255,252,252,252,252,252,252,252,252,251,251,252,252,252,253,253,253,255,255,255,255,254,254,254,254,255,241,216,179,129,76,31,2,0,10,57,132,215,255,253,254,251,254,255,254,255,102,0,201,255,253,254,255,255,254,255,255,255,255,255,255,255,255,255,255,255,255,255,255,255,255,255,255],
 [255,255,255,255,255,255,255,255,255,255,255,255,255,255,255,255,255,255,255,255,254,254,254,255,213,6,85,255,250,255,253,255,253,247,253,255,255,247,205,147,81,36,1,0,0,7,40,77,115,144,180,207,224,238,249,255,254,255,255,255,255,254,255,255,255,255,253,254,255,255,255,254,255,249,234,219,202,174,135,105,68,33,5,0,0,6,46,94,163,214,252,255,255,250,249,255,255,253,255,254,255,79,11,216,255,254,254,255,255,254,254,255,255,255,255,255,255,255,255,255,255,255,255,255,255,255,255,255],
 [255,255,255,255,255,255,255,255,255,255,255,255,255,255,255,255,255,255,255,255,254,254,254,255,229,11,70,255,253,255,252,255,255,253,255,254,248,255,255,254,255,240,206,161,114,72,32,2,2,2,0,0,5,24,44,56,76,82,93,106,117,126,130,132,130,129,126,120,109,95,81,73,50,40,22,3,0,0,1,3,11,40,81,124,168,210,242,255,249,255,254,248,253,255,254,255,255,254,255,254,254,68,16,228,255,254,254,255,255,254,254,255,255,255,255,255,255,255,255,255,255,255,255,255,255,255,255,255],
 [255,255,255,255,255,255,255,255,255,255,255,255,255,255,255,255,255,255,255,255,255,254,254,255,246,23,52,254,254,255,253,255,255,253,254,255,253,253,250,244,249,253,255,254,253,253,242,223,184,166,135,103,76,55,35,21,9,6,2,1,2,2,0,0,0,0,0,0,0,0,5,10,24,40,61,83,108,141,174,194,228,243,255,255,255,255,255,250,253,255,255,255,255,254,252,255,255,254,255,253,251,50,26,244,255,254,255,255,255,254,254,255,255,255,255,255,255,255,255,255,255,255,255,255,255,255,255,255],
 [255,255,255,255,255,255,255,255,255,255,255,255,255,255,255,255,254,255,255,255,255,255,255,255,253,42,35,245,252,255,255,254,255,255,254,255,255,255,255,255,255,252,250,252,254,255,255,254,255,255,254,254,255,255,246,236,225,217,205,195,189,185,182,180,183,185,189,193,200,209,220,227,238,246,253,255,254,253,253,253,255,254,252,251,249,249,253,255,250,252,253,255,255,255,253,255,255,254,255,254,246,32,41,253,255,255,255,255,255,254,254,255,255,255,255,255,255,255,255,255,255,255,255,255,255,255,255,255],
 [255,255,255,255,255,255,255,255,255,255,255,255,255,255,255,255,254,254,255,255,255,255,255,254,254,61,18,234,254,255,255,253,251,255,255,255,255,254,251,252,255,255,255,255,253,254,254,250,253,252,251,251,252,254,255,254,255,255,255,254,255,255,255,255,253,253,254,254,254,254,254,254,255,255,254,252,252,253,253,252,252,255,255,255,255,255,254,252,255,255,254,251,254,255,255,255,255,254,254,255,237,18,59,255,254,255,255,255,255,254,255,255,255,255,255,255,255,255,255,255,255,255,255,255,255,255,255,255],
 [255,255,255,255,255,255,255,255,255,255,255,255,255,255,255,255,255,255,255,255,255,255,254,254,255,82,4,221,255,252,254,255,255,255,251,249,254,255,255,254,254,254,255,255,254,254,255,255,254,255,255,255,254,253,255,255,251,252,253,253,253,252,252,252,255,254,252,251,252,253,254,254,254,254,254,254,254,254,255,254,254,254,255,255,255,255,255,255,249,255,255,255,253,253,255,255,255,254,253,255,222,8,80,255,253,255,255,255,254,255,255,255,255,255,255,255,255,255,255,255,255,255,255,255,255,255,255,255],
 [255,255,255,255,255,255,255,255,255,255,255,255,255,255,255,255,255,255,255,255,255,255,254,253,255,105,0,204,255,250,255,255,252,255,255,255,255,255,255,255,255,253,255,255,255,254,255,255,255,255,255,255,255,254,254,255,255,255,255,255,255,255,255,255,252,253,254,255,255,255,255,254,254,255,255,255,255,254,255,255,255,254,252,255,254,252,253,255,255,255,255,255,255,255,255,254,255,255,253,255,205,1,101,255,252,254,255,255,254,255,255,255,255,255,255,255,255,255,255,255,255,255,255,255,255,255,255,255],
 [255,255,255,255,255,255,255,255,255,255,255,255,255,255,255,255,255,255,255,255,255,255,254,253,254,123,0,190,252,252,255,254,255,254,255,255,255,255,255,255,255,255,255,254,252,255,255,253,255,255,254,255,255,255,255,254,254,254,254,255,255,255,255,254,255,255,255,255,255,255,255,255,255,255,255,255,255,255,255,255,254,255,255,255,254,255,255,254,255,253,255,255,254,253,254,254,255,255,253,254,194,0,114,255,251,254,255,255,254,255,255,255,255,255,255,255,255,255,255,255,255,255,255,255,255,255,255,255],
 [255,255,255,255,255,255,255,255,255,255,255,255,255,255,255,255,255,255,255,254,255,255,254,251,255,142,1,167,255,252,255,254,255,255,255,255,255,255,255,255,255,255,255,255,255,255,255,255,255,255,255,255,255,255,255,255,255,255,255,255,255,255,255,255,255,255,255,255,255,255,255,255,255,255,255,255,255,255,255,255,255,255,255,255,255,255,255,255,255,255,255,255,255,255,255,255,253,255,252,253,175,2,136,255,251,254,255,255,255,255,255,255,255,255,255,255,255,255,255,255,255,255,255,255,255,255,255,255],
 [255,255,255,255,255,255,255,255,255,255,255,255,255,255,255,255,255,255,255,254,255,255,254,251,255,161,1,150,254,252,254,255,255,255,255,255,255,255,255,255,255,255,255,255,255,255,255,255,255,255,255,255,255,255,255,255,255,255,255,255,255,255,255,255,255,255,255,255,255,255,255,255,255,255,255,255,255,255,255,255,255,255,255,255,255,255,255,255,255,255,255,255,255,255,255,255,254,255,251,255,158,2,152,255,251,254,255,255,255,255,255,255,255,255,255,255,255,255,255,255,255,255,255,255,255,255,255,255],
 [255,255,255,255,255,255,255,255,255,255,255,255,255,255,255,255,255,255,255,254,255,255,254,252,253,187,0,127,253,252,255,255,255,255,255,255,255,255,255,255,255,255,255,255,255,255,255,255,255,255,255,255,255,255,255,255,255,255,255,255,255,255,255,255,255,255,255,255,255,255,255,255,255,255,255,255,255,255,255,255,255,255,255,255,255,255,255,255,255,255,255,255,255,255,255,255,255,254,250,255,134,1,174,255,251,254,255,255,255,255,255,255,255,255,255,255,255,255,255,255,255,255,255,255,255,255,255,255],
 [255,255,255,255,255,255,255,255,255,255,255,255,255,255,255,255,255,255,255,254,255,255,254,252,253,205,0,106,254,252,255,255,255,255,255,255,255,255,255,255,255,255,255,255,255,255,255,255,255,255,255,255,255,255,255,255,255,255,255,255,255,255,255,255,255,255,255,255,255,255,255,255,255,255,255,255,255,255,255,255,255,255,255,255,255,255,255,255,255,255,255,255,255,255,255,255,255,253,251,255,116,0,193,255,252,254,255,255,255,255,255,255,255,255,255,255,255,255,255,255,255,255,255,255,255,255,255,255],
 [255,255,255,255,255,255,255,255,255,255,255,255,255,255,255,255,255,255,255,254,255,255,255,253,255,216,1,88,255,252,255,255,255,255,255,255,255,255,255,255,255,255,255,255,255,255,255,255,255,255,255,255,255,255,255,255,255,255,255,255,255,255,255,255,255,255,255,255,255,255,255,255,255,255,255,255,255,255,255,255,255,255,255,255,255,255,255,255,255,255,255,255,255,255,255,255,255,253,253,253,101,0,206,255,253,255,255,255,255,255,255,255,255,255,255,255,255,255,255,255,255,255,255,255,255,255,255,255],
 [255,255,255,255,255,255,255,255,255,255,255,255,255,255,255,255,255,255,255,255,255,255,255,254,255,227,14,68,255,254,255,255,255,255,255,255,255,255,255,255,255,255,255,255,255,255,255,255,255,255,255,255,255,255,255,255,255,255,255,255,255,255,255,255,255,255,255,255,255,255,255,255,255,255,255,255,255,255,255,255,255,255,255,255,255,255,255,255,255,255,255,255,255,255,255,255,255,254,255,252,83,7,220,255,253,255,255,255,255,255,255,255,255,255,255,255,255,255,255,255,255,255,255,255,255,255,255,255],
 [255,255,255,255,255,255,255,255,255,255,255,255,255,255,255,255,255,255,255,255,254,255,255,254,255,244,32,45,249,255,254,255,255,255,255,255,255,255,255,255,255,255,255,255,255,255,255,255,255,255,255,255,255,255,255,255,255,255,255,255,255,255,255,255,255,255,255,255,255,255,255,255,255,255,255,255,255,255,255,255,255,255,255,255,255,255,255,255,255,255,255,255,255,255,255,255,255,255,255,252,61,20,235,255,254,255,255,255,255,255,255,254,255,255,255,255,255,255,255,255,255,255,255,255,255,255,255,255],
 [255,255,255,255,255,255,255,255,255,255,255,255,255,255,255,255,255,255,255,255,254,255,255,255,253,255,46,29,245,255,251,255,255,255,255,255,255,255,255,255,255,255,255,255,255,255,255,255,255,255,255,255,255,255,255,255,255,255,255,255,255,255,255,255,255,255,255,255,255,255,255,255,255,255,255,255,255,255,255,255,255,255,255,255,255,255,255,255,255,255,255,255,255,255,255,255,255,255,254,254,44,30,246,255,254,255,255,255,255,255,255,254,255,255,255,255,255,255,255,255,255,255,255,255,255,255,255,255],
 [255,255,255,255,255,255,255,255,255,255,255,255,255,255,255,255,255,255,255,255,255,255,255,255,254,255,66,14,229,254,255,253,255,255,255,255,255,255,255,255,255,255,255,255,255,255,255,255,255,255,255,255,255,255,255,255,255,255,255,255,255,255,255,255,255,255,255,255,255,255,255,255,255,255,255,255,255,255,255,255,255,255,255,255,255,255,255,255,255,255,255,255,255,255,255,255,254,254,255,241,26,49,255,252,255,255,255,255,255,255,255,255,255,255,255,255,255,255,255,255,255,255,255,255,255,255,255,255],
 [255,255,255,255,255,255,255,255,255,255,255,255,255,255,255,255,255,255,255,255,255,255,255,255,253,255,82,8,217,255,253,255,255,255,255,255,255,255,255,255,255,255,255,255,255,255,255,255,255,255,255,255,255,255,255,255,255,255,255,255,255,255,255,255,255,255,255,255,255,255,255,255,255,255,255,255,255,255,255,255,255,255,255,255,255,255,255,255,255,255,255,255,255,255,255,255,255,254,254,233,15,64,255,254,255,255,255,255,255,255,255,255,255,255,255,255,255,255,255,255,255,255,255,255,255,255,255,255],
 [255,255,255,255,255,255,255,255,255,255,255,255,255,255,255,255,255,255,255,255,255,255,255,255,251,255,106,1,201,255,250,255,255,255,255,255,255,255,255,255,255,255,255,255,255,255,255,255,255,255,255,255,255,255,255,255,255,255,255,255,255,255,255,255,255,255,255,255,255,255,255,255,255,255,255,255,255,255,255,255,255,255,255,255,255,255,255,255,255,255,255,255,255,255,255,255,255,253,254,219,2,85,253,255,255,255,255,255,255,255,255,255,255,255,255,255,255,255,255,255,255,255,255,255,255,255,255,255],
 [255,255,255,255,255,255,255,255,255,255,255,255,255,255,255,255,255,255,255,255,255,255,255,255,250,255,129,0,184,255,250,255,255,255,255,255,255,255,255,255,255,255,255,255,255,255,255,255,255,255,255,255,255,255,255,255,255,255,255,255,255,255,255,255,255,255,255,255,255,255,255,255,255,255,255,255,255,255,255,255,255,255,255,255,255,255,255,255,255,255,255,255,255,255,255,255,255,253,255,204,0,103,254,253,255,255,255,255,255,255,255,255,255,255,255,255,255,255,255,255,255,255,255,255,255,255,255,255],
 [255,255,255,255,255,255,255,255,255,255,255,255,255,255,255,255,255,255,255,255,255,255,255,255,249,255,148,0,166,254,251,255,255,255,255,255,255,255,255,255,255,255,255,255,255,255,255,255,255,255,255,255,255,255,255,255,255,255,255,255,255,255,255,255,255,255,255,255,255,255,255,255,255,255,255,255,255,255,255,255,255,255,255,255,255,255,255,255,255,255,255,255,255,255,255,255,255,253,255,187,0,119,255,251,255,255,255,255,255,255,255,255,255,255,255,255,255,255,255,255,255,255,255,255,255,255,255,255],
 [255,255,255,255,255,255,255,255,255,255,255,255,255,255,255,255,255,255,255,255,255,255,255,255,250,255,170,1,144,254,252,255,255,255,255,255,255,255,255,255,255,255,255,255,255,255,255,255,255,255,255,255,255,255,255,255,255,255,255,255,255,255,255,255,255,255,255,255,255,255,255,255,255,255,255,255,255,255,255,255,255,255,255,255,255,255,255,255,255,255,255,255,255,255,255,255,254,253,255,167,3,139,255,250,255,255,255,255,255,255,255,255,255,255,255,255,255,255,255,255,255,255,255,255,255,255,255,255],
 [255,255,255,255,255,255,255,255,255,255,255,255,255,255,255,255,255,255,255,255,255,255,255,255,252,255,191,0,120,255,250,255,255,255,255,255,255,255,255,255,255,255,255,255,255,255,255,255,255,255,255,255,255,255,255,255,255,255,255,255,255,255,255,255,255,255,255,255,255,255,255,255,255,255,255,255,255,255,255,255,255,255,255,255,255,255,255,255,255,255,255,255,255,255,255,255,254,252,254,147,0,163,255,250,255,255,255,255,255,255,255,255,255,255,255,255,255,255,255,255,255,255,255,255,255,255,255,255],
 [255,255,255,255,255,255,255,255,255,255,255,255,255,255,255,255,255,255,255,255,255,255,255,255,253,255,206,0,104,255,247,255,255,255,255,255,255,255,255,255,255,255,255,255,255,255,255,255,255,255,255,255,255,255,255,255,255,255,255,255,255,255,255,255,255,255,255,255,255,255,255,255,255,255,255,255,255,255,255,255,255,255,255,255,255,255,255,255,255,255,255,255,255,255,255,255,255,251,253,134,0,180,254,251,255,255,255,255,255,255,255,255,255,255,255,255,255,255,255,255,255,255,255,255,255,255,255,255],
 [255,255,255,255,255,255,255,255,255,255,255,255,255,255,255,255,255,255,255,255,255,255,255,255,253,255,223,1,82,255,249,255,255,255,255,255,255,255,255,255,255,255,255,255,255,255,255,255,255,255,255,255,255,255,255,255,255,255,255,255,255,255,255,255,255,255,255,255,255,255,255,255,255,255,255,255,255,255,255,255,255,255,255,255,255,255,255,255,255,255,255,255,255,255,255,255,255,252,255,109,0,198,253,253,255,255,255,255,255,255,255,255,255,255,255,255,255,255,255,255,255,255,255,255,255,255,255,255],
 [255,255,255,255,255,255,255,255,255,255,255,255,255,255,255,255,255,255,255,255,255,255,255,255,254,254,234,15,66,253,252,255,255,255,255,255,255,255,255,255,255,255,255,255,255,255,255,255,255,255,255,255,255,255,255,255,255,255,255,255,255,255,255,255,255,255,255,255,255,255,255,255,255,255,255,255,255,255,255,255,255,255,255,255,255,255,255,255,255,255,255,255,255,255,255,255,255,252,255,95,1,209,254,252,255,255,255,255,255,255,255,255,255,255,255,255,255,255,255,255,255,255,255,255,255,255,255,255],
 [255,255,255,255,255,255,255,255,255,255,255,255,255,255,255,255,255,255,255,255,255,255,255,255,255,252,249,33,43,248,255,254,255,255,255,255,255,255,255,255,255,255,255,255,255,255,255,255,255,255,255,255,255,255,255,255,255,255,255,255,255,255,255,255,255,255,255,255,255,255,255,255,255,255,255,255,255,255,255,255,255,255,255,255,255,255,255,255,255,255,255,255,255,255,255,255,255,252,255,74,8,225,255,253,255,255,255,255,255,255,255,255,255,255,255,255,255,255,255,255,255,255,255,255,255,255,255,255],
 [255,255,255,255,255,255,255,255,255,255,255,255,255,255,255,255,255,255,255,255,255,255,255,255,255,252,255,51,23,241,255,253,255,255,255,255,255,255,255,255,255,255,255,255,255,255,255,255,255,255,255,255,255,255,255,255,255,255,255,255,255,255,255,255,255,255,255,255,255,255,255,255,255,255,255,255,255,255,255,255,255,255,255,255,255,255,255,255,255,255,255,255,255,255,255,255,255,254,255,54,20,239,255,254,255,255,255,255,255,255,255,255,255,255,255,255,255,255,255,255,255,255,255,255,255,255,255,255],
 [255,255,255,255,255,255,255,255,255,255,255,255,255,255,255,255,255,255,255,255,255,255,255,255,255,254,255,67,10,230,254,254,255,255,255,255,255,255,255,255,255,255,255,255,255,255,255,255,255,255,255,255,255,255,255,255,255,255,255,255,255,255,255,255,255,255,255,255,255,255,255,255,255,255,255,255,255,255,255,255,255,255,255,255,255,255,255,255,255,255,255,255,255,255,255,255,254,255,253,37,37,247,254,255,255,255,255,255,255,255,255,255,255,255,255,255,255,255,255,255,255,255,255,255,255,255,255,255],
 [255,255,255,255,255,255,255,255,255,255,255,255,255,255,255,255,255,255,255,255,255,255,255,255,255,254,255,88,4,213,254,253,255,255,255,255,255,255,255,255,255,255,255,255,255,255,255,255,255,255,255,255,255,255,255,255,255,255,255,255,255,255,255,255,255,255,255,255,255,255,255,255,255,255,255,255,255,255,255,255,255,255,255,255,255,255,255,255,255,255,255,255,255,255,255,255,253,255,242,23,56,251,253,255,255,255,255,255,255,255,255,255,255,255,255,255,255,255,255,255,255,255,255,255,255,255,255,255],
 [255,255,255,255,255,255,255,255,255,255,255,255,255,255,255,255,255,255,255,255,255,255,255,255,255,252,255,112,0,194,255,252,255,255,255,255,255,255,255,255,255,255,255,255,255,255,255,255,255,255,255,255,255,255,255,255,255,255,255,255,255,255,255,255,255,255,255,255,255,255,255,255,255,255,255,255,255,255,255,255,255,255,255,255,255,255,255,255,255,255,255,255,255,255,255,255,254,254,225,11,74,254,254,255,255,255,255,255,255,255,255,255,255,255,255,255,255,255,255,255,255,255,255,255,255,255,255,255],
 [255,255,255,255,255,255,255,255,255,255,255,255,255,255,255,255,255,255,255,255,255,255,255,255,255,250,255,129,0,181,255,251,255,255,255,255,255,255,255,255,255,255,255,255,255,255,255,255,255,255,255,255,255,255,255,255,255,255,255,255,255,255,255,255,255,255,255,255,255,255,255,255,255,255,255,255,255,255,255,255,255,255,255,255,255,255,255,255,255,255,255,255,255,255,255,255,255,252,213,4,85,255,255,254,255,255,255,255,255,255,255,255,255,255,255,255,255,255,255,255,255,255,255,255,255,255,255,255],
 [255,255,255,255,255,255,255,255,255,255,255,255,255,255,255,255,255,255,255,255,255,255,255,255,254,254,251,157,0,157,255,252,255,255,255,255,255,255,255,255,255,255,255,255,255,255,255,255,255,255,255,255,255,255,255,255,255,255,255,255,255,255,255,255,255,255,255,255,255,255,255,255,255,255,255,255,255,255,255,255,255,255,255,255,255,255,255,255,255,255,255,255,255,255,255,255,252,254,196,0,112,255,249,255,255,255,255,255,255,255,255,255,255,255,255,255,255,255,255,255,255,255,255,255,255,255,255,255],
 [255,255,255,255,255,255,255,255,255,255,255,255,255,255,255,255,255,255,255,255,255,255,255,255,255,254,254,171,0,144,254,252,255,255,255,255,255,255,255,255,255,255,255,255,255,255,255,255,255,255,255,255,255,255,255,255,255,255,255,255,255,255,255,255,255,255,255,255,255,255,255,255,255,255,255,255,255,255,255,255,255,255,255,255,255,255,255,255,255,255,255,255,255,255,255,255,251,255,183,1,127,255,251,255,255,255,255,255,255,255,255,255,255,255,255,255,255,255,255,255,255,255,255,255,255,255,255,255],
 [255,255,255,255,255,255,255,255,255,255,255,255,255,255,255,255,255,255,255,255,255,255,255,255,255,252,255,190,0,121,252,252,255,255,255,255,255,255,255,255,255,255,255,255,255,255,255,255,255,255,255,255,255,255,255,255,255,255,255,255,255,255,255,255,255,255,255,255,255,255,255,255,255,255,255,255,255,255,255,255,255,255,255,255,255,255,255,255,255,255,255,255,255,255,255,255,251,255,163,2,149,252,253,255,255,255,255,255,255,255,255,255,255,255,255,255,255,255,255,255,255,255,255,255,255,255,255,255],
 [255,255,255,255,255,255,255,255,255,255,255,255,255,255,255,255,255,255,255,255,255,255,255,255,255,251,255,207,0,98,253,252,255,255,255,255,255,255,255,255,255,255,255,255,255,255,255,255,255,255,255,255,255,255,255,255,255,255,255,255,255,255,255,255,255,255,255,255,255,255,255,255,255,255,255,255,255,255,255,255,255,255,255,255,255,255,255,255,255,255,255,255,255,255,255,255,250,255,144,0,170,253,251,255,255,255,255,255,255,255,255,255,255,255,255,255,255,255,255,255,255,255,255,255,255,255,255,255],
 [255,255,255,255,255,255,255,255,255,255,255,255,255,255,255,255,255,255,255,255,255,255,255,255,255,252,255,221,6,76,255,254,255,255,255,255,255,255,255,255,255,255,255,255,255,255,255,255,255,255,255,255,255,255,255,255,255,255,255,255,255,255,255,255,255,255,255,255,255,255,255,255,255,255,255,255,255,255,255,255,255,255,255,255,255,255,255,255,255,255,255,255,255,255,255,255,251,255,126,0,186,255,249,255,255,255,255,255,255,255,255,255,255,255,255,255,255,255,255,255,255,255,255,255,255,255,255,255],
 [255,255,255,255,255,255,255,255,255,255,255,255,255,255,255,255,255,255,255,255,255,255,255,255,255,254,255,235,21,57,254,255,255,255,255,255,255,255,255,255,255,255,255,255,255,255,255,255,255,255,255,255,255,255,255,255,255,255,255,255,255,255,255,255,255,255,255,255,255,255,255,255,255,255,255,255,255,255,255,255,255,255,255,255,255,255,255,255,255,255,255,255,255,255,255,255,251,255,105,0,202,255,249,255,255,255,255,255,255,255,255,255,255,255,255,255,255,255,255,255,255,255,255,255,255,255,255,255],
 [255,255,255,255,255,255,255,255,255,255,255,255,255,255,255,255,255,255,255,255,255,255,255,255,255,254,254,248,38,39,247,255,255,255,255,255,255,255,255,255,255,255,255,255,255,255,255,255,255,255,255,255,255,255,255,255,255,255,255,255,255,255,255,255,255,255,255,255,255,255,255,255,255,255,255,255,255,255,255,255,255,255,255,255,255,255,255,255,255,255,255,255,255,255,255,255,252,255,83,7,218,255,252,255,255,255,255,255,255,255,255,255,255,255,255,255,255,255,255,255,255,255,255,255,255,255,255,255],
 [255,255,255,255,255,255,255,255,255,255,255,255,255,255,255,255,255,255,255,255,255,255,255,255,255,253,254,255,49,27,240,253,255,255,255,255,255,255,255,255,255,255,255,255,255,255,255,255,255,255,255,255,255,255,255,255,255,255,255,255,255,255,255,255,255,255,255,255,255,255,255,255,255,255,255,255,255,255,255,255,255,255,255,255,255,255,255,255,255,255,255,255,255,255,255,255,252,255,68,13,229,255,255,254,255,255,255,255,255,255,255,255,255,255,255,255,255,255,255,255,255,255,255,255,255,255,255,255],
 [255,255,255,255,255,255,255,255,255,255,255,255,255,255,255,255,255,255,255,255,255,255,255,255,255,249,255,254,77,7,227,254,252,254,255,255,255,255,255,255,255,255,255,255,255,255,255,255,255,255,255,255,255,255,255,255,255,255,255,255,255,255,255,255,255,255,255,255,255,255,255,255,255,255,255,255,255,255,255,255,255,255,255,255,255,255,255,255,255,255,255,254,255,255,255,254,255,255,48,28,243,255,254,255,255,255,255,255,255,255,255,255,255,255,255,255,255,255,255,255,255,255,255,255,255,255,255,255],
 [255,255,255,255,255,255,255,255,255,255,255,255,255,255,255,255,255,255,255,255,255,255,255,255,255,253,255,255,93,4,212,254,252,254,255,255,255,255,255,255,255,255,255,255,255,255,255,255,255,255,255,255,255,255,255,255,255,255,255,255,255,255,255,255,255,255,255,255,255,255,255,255,255,255,255,255,255,255,255,255,255,255,255,255,255,255,255,255,255,255,255,254,255,255,255,254,255,246,36,39,249,255,253,255,255,255,255,255,255,255,255,255,255,255,255,255,255,255,255,255,255,255,255,255,255,255,255,255],
 [255,255,255,255,255,255,255,255,255,255,255,255,255,255,255,255,255,255,255,255,255,255,255,255,254,255,251,255,115,1,192,254,252,254,255,255,255,255,255,255,255,255,255,255,255,255,255,255,255,255,255,255,255,255,255,255,255,255,255,255,255,255,255,255,255,255,255,255,255,255,255,255,255,255,255,255,255,255,255,255,255,255,255,255,255,255,255,255,255,255,255,254,255,255,255,254,255,234,20,57,255,255,253,255,255,255,255,255,255,255,255,255,255,255,255,255,255,255,255,255,255,255,255,255,255,255,255,255],
 [255,255,255,255,255,255,255,255,255,255,255,255,255,255,255,255,255,255,255,255,255,255,255,255,254,255,249,255,136,0,174,255,252,254,255,255,255,255,255,255,255,255,255,255,255,255,255,255,255,255,255,255,255,255,255,255,255,255,255,255,255,255,255,255,255,255,255,255,255,255,255,255,255,255,255,255,255,255,255,255,255,255,255,255,255,255,255,255,255,255,255,254,255,255,255,253,255,222,7,77,255,255,254,255,255,255,255,255,255,255,255,255,255,255,255,255,255,255,255,255,255,255,255,255,255,255,255,255],
 [255,255,255,255,255,255,255,255,255,255,255,255,255,255,255,255,255,255,255,255,255,255,255,255,255,255,250,255,155,0,157,255,252,254,255,255,255,255,255,255,255,255,255,255,255,255,255,255,255,255,255,255,255,255,255,255,255,255,255,255,255,255,255,255,255,255,255,255,255,255,255,255,255,255,255,255,255,255,255,255,255,255,255,255,255,255,255,255,255,255,255,254,255,255,255,253,255,208,2,97,252,253,255,255,255,255,255,255,255,255,255,255,255,255,255,255,255,255,255,255,255,255,255,255,255,255,255,255],
 [255,255,255,255,255,255,255,255,255,255,255,255,255,255,255,255,255,255,255,255,255,255,255,255,255,254,252,255,176,1,136,255,252,254,255,255,255,255,255,255,255,255,255,255,255,255,255,255,255,255,255,255,255,255,255,255,255,255,255,255,255,255,255,255,255,255,255,255,255,255,255,255,255,255,255,255,255,255,255,255,255,255,255,255,255,255,255,255,255,255,255,254,255,255,254,252,255,192,0,119,251,251,255,255,255,255,255,255,255,255,255,255,255,255,255,255,255,255,255,255,255,255,255,255,255,255,255,255],
 [255,255,255,255,255,255,255,255,255,255,255,255,255,255,255,255,255,255,255,255,255,255,255,255,255,254,253,255,197,2,110,255,252,254,255,255,255,255,255,255,255,255,255,255,255,255,255,255,255,255,255,255,255,255,255,255,255,255,255,255,255,255,255,255,255,255,255,255,255,255,255,255,255,255,255,255,255,255,255,255,255,255,255,255,255,255,255,255,254,255,255,255,255,255,254,252,255,174,0,138,253,250,255,254,255,255,255,255,255,255,255,255,255,255,255,255,255,255,255,255,255,255,255,255,255,255,255,255],
 [255,255,255,255,255,255,255,255,255,255,255,255,255,255,255,255,255,255,255,255,255,255,255,255,255,255,254,255,212,2,91,255,252,254,255,255,255,255,255,255,255,255,255,255,255,255,255,255,255,255,255,255,255,255,255,255,255,255,255,255,255,255,255,255,255,255,255,255,255,255,255,255,255,255,255,255,255,255,255,255,255,255,255,255,255,255,255,255,254,255,255,255,255,255,254,252,254,161,0,150,255,250,255,253,255,255,255,255,255,255,255,255,255,255,255,255,255,255,255,255,255,255,255,255,255,255,255,255],
 [255,255,255,255,255,255,255,255,255,255,255,255,255,255,255,255,255,255,255,255,255,255,255,255,253,255,253,254,229,11,69,255,254,254,255,255,255,255,255,255,255,255,255,255,255,255,255,255,255,255,255,255,255,255,255,255,255,255,255,255,255,255,255,255,255,255,255,255,255,255,255,255,255,255,255,255,255,255,255,255,255,255,255,255,255,255,255,255,255,255,254,255,255,255,254,252,255,134,0,177,252,255,252,255,255,255,255,255,255,255,255,255,255,255,255,255,255,255,255,255,255,255,255,255,255,255,255,255],
 [255,255,255,255,255,255,255,255,255,255,255,255,255,255,255,255,255,255,255,255,255,255,255,255,255,254,253,255,239,22,57,252,254,254,255,255,255,255,255,255,255,255,255,255,255,255,255,255,255,255,255,255,255,255,255,255,255,255,255,255,255,255,255,255,255,255,255,255,255,255,255,255,255,255,255,255,255,255,255,255,255,255,255,255,255,255,255,255,255,255,254,255,255,255,254,252,254,122,0,188,253,254,253,255,255,255,255,255,255,255,255,255,255,255,255,255,255,255,255,255,255,255,255,255,255,255,255,255],
 [255,255,255,255,255,255,255,255,255,255,255,255,255,255,255,255,255,255,255,255,255,255,255,255,255,253,253,255,250,40,38,244,254,254,255,255,255,255,255,255,255,255,255,255,255,255,255,255,255,255,255,255,255,255,255,255,255,255,255,255,255,255,255,255,255,255,255,255,255,255,255,255,255,255,255,255,255,255,255,255,255,255,255,255,255,255,255,255,255,255,254,255,255,255,254,253,252,102,0,204,255,253,254,255,255,255,255,255,255,255,255,255,255,255,255,255,255,255,255,255,255,255,255,255,255,255,255,255],
 [255,255,255,255,255,255,255,255,255,255,255,255,255,255,255,255,255,255,255,255,255,255,255,255,255,253,254,255,255,58,19,235,254,254,255,255,255,255,255,255,255,255,255,255,255,255,255,255,255,255,255,255,255,255,255,255,255,255,255,255,255,255,255,255,255,255,255,255,255,255,255,255,255,255,255,255,255,255,255,255,255,255,255,255,255,255,255,255,255,255,254,255,255,255,254,253,254,82,5,221,255,252,255,255,255,255,255,255,255,255,255,255,255,255,255,255,255,255,255,255,255,255,255,255,255,255,255,255],
 [255,255,255,255,255,255,255,255,255,255,255,255,255,255,255,255,255,255,255,255,255,255,255,255,255,254,255,253,255,77,5,222,254,254,255,255,255,255,255,255,255,255,255,255,255,255,255,255,255,255,255,255,255,255,255,255,255,255,255,255,255,255,255,255,255,255,255,255,255,255,255,255,255,255,255,255,255,255,255,255,255,255,255,255,255,255,255,255,255,255,255,255,255,255,255,254,255,62,16,234,255,253,255,255,255,255,255,255,255,255,255,255,255,255,255,255,255,255,255,255,255,255,255,255,255,255,255,255],
 [255,255,255,255,255,255,255,255,255,255,255,255,255,255,255,255,255,255,255,255,255,255,255,255,255,255,255,250,255,99,0,205,254,254,255,255,255,255,255,255,255,255,255,255,255,255,255,255,255,255,255,255,255,255,255,255,255,255,255,255,255,255,255,255,255,255,255,255,255,255,255,255,255,255,255,255,255,255,255,255,255,255,255,255,255,255,255,255,255,255,255,255,255,255,255,255,253,44,32,245,255,254,255,255,255,255,255,255,255,255,255,255,255,255,255,255,255,255,255,255,255,255,255,255,255,255,255,255],
 [255,255,255,255,255,255,255,255,255,255,255,255,255,255,255,255,255,255,255,255,255,255,255,255,254,255,255,249,255,121,0,185,254,254,255,255,255,255,255,255,255,255,255,255,255,255,255,255,255,255,255,255,255,255,255,255,255,255,255,255,255,255,255,255,255,255,255,255,255,255,255,255,255,255,255,255,255,255,255,255,255,255,255,255,255,255,255,255,255,255,255,255,255,255,255,255,242,28,49,252,255,255,255,255,255,255,255,255,255,255,255,255,255,255,255,255,255,255,255,255,255,255,255,255,255,255,255,255],
 [255,255,255,255,255,255,255,255,255,255,255,255,255,255,255,255,255,255,255,255,255,255,255,255,254,255,255,249,255,136,1,171,254,254,255,255,255,255,255,255,255,255,255,255,255,255,255,255,255,255,255,255,255,255,255,255,255,255,255,255,255,255,255,255,255,255,255,255,255,255,255,255,255,255,255,255,255,255,255,255,255,255,255,255,255,255,255,255,255,255,255,255,255,255,255,255,233,19,59,255,255,255,254,255,255,255,255,255,255,255,255,255,255,255,255,255,255,255,255,255,255,255,255,255,255,255,255,255],
 [255,255,255,255,255,255,255,255,255,255,255,255,255,255,255,255,255,255,255,255,255,255,255,255,255,255,253,255,254,162,0,149,255,249,255,255,253,255,255,254,255,255,255,255,255,254,253,255,254,254,254,255,255,255,255,255,255,255,255,255,255,255,255,255,255,255,255,255,255,255,255,255,254,255,255,254,252,254,255,255,255,255,255,255,254,254,255,254,254,255,254,255,255,255,253,255,220,0,88,253,252,255,253,255,255,255,255,255,255,255,255,255,255,255,255,255,255,255,255,255,255,255,255,255,255,255,255,255],
 [255,255,255,255,255,255,255,255,255,255,255,255,255,255,255,255,255,255,255,255,255,255,255,255,255,255,254,253,255,178,0,133,255,249,255,255,254,255,254,255,255,255,254,254,254,255,255,255,255,255,253,254,255,255,255,255,255,255,254,253,254,255,255,255,254,254,255,255,255,255,254,252,255,253,253,255,255,255,254,255,255,254,252,254,255,255,255,255,254,255,254,255,255,254,253,255,205,1,101,255,251,255,254,255,255,255,255,255,255,255,255,255,255,255,255,255,255,255,255,255,255,255,255,255,255,255,255,255],
 [255,255,255,255,255,255,255,255,255,255,255,255,255,255,255,255,255,255,255,255,255,255,255,255,255,254,255,251,255,199,0,109,255,250,255,255,254,255,254,255,255,255,255,255,255,255,255,250,249,255,255,255,254,255,255,254,255,255,255,255,255,254,252,251,255,255,254,253,254,255,255,255,253,255,255,253,252,255,255,255,255,255,255,254,253,252,252,255,255,255,254,255,255,254,252,255,186,2,120,255,250,255,255,255,255,255,255,255,255,255,255,255,255,255,255,255,255,255,255,255,255,255,255,255,255,255,255,255],
 [255,255,255,255,255,255,255,255,255,255,255,255,255,255,255,255,255,255,255,255,255,255,255,255,255,252,255,252,255,217,2,86,255,252,254,255,255,254,254,255,251,253,255,255,251,251,255,255,255,252,249,254,254,250,248,252,253,253,254,254,255,255,255,255,254,254,255,255,255,255,253,252,254,252,252,255,254,252,253,255,253,255,254,255,255,255,255,254,255,255,254,255,255,254,252,254,169,3,140,255,250,255,255,255,255,255,255,255,255,255,255,255,255,255,255,255,255,255,255,255,255,255,255,255,255,255,255,255],
 [255,255,255,255,255,255,255,255,255,255,255,255,255,255,255,255,255,255,255,255,255,255,255,255,255,252,255,254,254,230,11,67,255,255,253,255,255,255,255,255,255,255,255,255,254,255,255,252,251,255,255,255,255,255,255,255,255,255,253,249,242,234,229,226,228,229,232,237,243,250,255,255,251,255,255,252,254,255,255,248,250,253,254,253,253,252,254,255,255,255,254,254,255,254,252,254,153,2,158,255,251,255,255,255,255,255,255,255,255,255,255,255,255,255,255,255,255,255,255,255,255,255,255,255,255,255,255,255],
 [255,255,255,255,255,255,255,255,255,255,255,255,255,255,255,255,255,255,255,255,255,255,255,255,255,253,255,255,253,239,27,49,252,255,253,254,255,255,255,255,253,255,252,251,255,255,254,252,253,252,233,196,163,139,115,95,79,75,69,63,59,60,64,68,65,64,64,65,67,69,71,72,92,111,135,159,189,223,247,255,255,255,255,255,253,254,255,254,254,255,254,254,255,254,252,254,134,2,177,254,251,255,255,255,255,255,255,255,255,255,255,255,255,255,255,255,255,255,255,255,255,255,255,255,255,255,255,255],
 [255,255,255,255,255,255,255,255,255,255,255,255,255,255,255,255,255,255,255,255,255,255,255,255,255,255,255,255,254,249,46,31,243,255,254,254,255,253,255,253,251,255,254,255,255,226,172,137,89,70,61,72,93,115,141,163,189,199,214,228,237,242,244,245,242,243,242,238,230,217,204,196,174,146,117,98,78,62,65,81,120,157,216,254,255,252,254,250,254,255,254,254,255,254,252,255,112,1,196,255,251,255,255,255,255,255,255,255,255,255,255,255,255,255,255,255,255,255,255,255,255,255,255,255,255,255,255,255],
 [255,255,255,255,255,255,255,255,255,255,255,255,255,255,255,255,255,255,255,255,255,255,255,255,255,255,254,253,255,255,59,19,235,254,255,254,255,252,255,252,255,244,189,117,71,58,82,121,171,207,242,253,253,255,255,254,255,255,255,255,254,254,255,255,255,255,255,254,255,255,255,255,251,255,255,254,254,247,216,181,135,92,63,67,102,171,233,255,254,254,253,254,255,254,252,255,96,2,209,255,250,255,255,254,255,255,255,255,255,255,255,255,255,255,255,255,255,255,255,255,255,255,255,255,255,255,255,255],
 [255,255,255,255,255,255,255,255,255,255,255,255,255,255,255,255,255,255,255,255,255,255,255,255,255,254,255,254,253,255,80,7,222,249,254,251,250,251,255,199,109,57,64,133,194,237,255,255,255,255,255,254,253,252,252,251,253,253,253,253,253,253,253,253,254,254,254,254,254,254,254,254,250,251,251,252,253,254,255,255,253,255,248,211,150,81,59,86,174,255,249,254,253,255,248,255,74,11,225,255,252,255,255,253,255,255,255,255,255,255,255,255,255,255,255,255,255,255,255,255,255,255,255,255,255,255,255,255],
 [255,255,255,255,255,255,255,255,255,255,255,255,255,255,255,255,255,255,255,255,255,255,255,255,255,255,254,255,251,255,99,2,198,255,246,253,255,171,75,60,134,217,255,251,255,255,252,247,254,254,254,254,254,254,254,254,255,255,255,255,255,255,255,255,254,254,254,254,254,254,254,254,254,254,254,254,254,254,254,254,251,252,255,253,250,255,227,160,71,54,145,242,249,251,253,255,59,22,237,255,254,255,255,255,255,255,255,255,255,255,255,255,255,255,255,255,255,255,255,255,255,255,255,255,255,255,255,255],
 [255,255,255,255,255,255,255,255,255,255,255,255,255,255,255,255,255,255,255,255,255,255,255,255,255,255,253,255,249,255,126,0,185,255,251,206,60,67,168,255,250,255,252,246,254,254,251,255,254,254,254,255,255,255,255,255,255,255,255,255,255,255,255,255,255,255,255,255,255,255,255,255,255,255,255,255,255,255,254,254,255,253,255,255,251,252,255,255,255,202,88,51,160,255,254,242,38,38,250,253,255,255,252,255,255,255,255,255,255,255,255,255,255,255,255,255,255,255,255,255,255,255,255,255,255,255,255,255],
 [255,255,255,255,255,255,255,255,255,255,255,255,255,255,255,255,255,255,255,255,255,255,255,255,254,255,254,255,249,255,145,0,167,253,134,39,166,255,255,255,255,250,255,255,254,255,255,249,255,255,255,255,255,255,255,255,255,255,255,255,255,255,255,255,255,255,255,255,255,255,255,255,255,255,255,255,255,255,255,255,250,255,255,248,255,255,248,251,255,255,254,205,58,82,243,254,24,52,255,254,255,255,252,255,255,255,255,255,255,255,255,255,255,255,255,255,255,255,255,255,255,255,255,255,255,255,255,255],
 [255,255,255,255,255,255,255,255,255,255,255,255,255,255,255,255,255,255,255,255,255,255,255,255,254,255,255,254,251,255,160,4,154,117,54,244,255,252,252,253,255,254,254,255,252,251,255,255,255,255,255,255,255,255,255,254,255,255,255,255,255,255,255,255,255,255,255,255,255,255,255,255,254,254,254,255,255,255,255,255,255,251,251,255,255,253,255,255,253,252,246,255,255,109,64,207,16,66,255,255,255,255,255,255,255,255,255,255,255,255,255,255,255,255,255,255,255,255,255,255,255,255,255,255,255,255,255,255],
 [255,255,255,255,255,255,255,255,255,255,255,255,255,255,255,255,255,255,255,255,255,255,255,255,254,254,255,253,253,255,178,6,32,79,255,253,245,255,255,255,251,255,255,255,255,255,255,253,255,255,255,255,255,255,255,255,255,255,255,255,255,255,255,255,255,255,255,255,255,255,255,255,255,255,255,255,255,255,255,255,255,255,255,255,248,254,255,250,253,255,255,249,250,255,133,43,11,86,254,254,254,255,255,254,255,255,255,255,255,255,255,255,255,255,255,255,255,255,255,255,255,255,255,255,255,255,255,255],
 [255,255,255,255,255,255,255,255,255,255,255,255,255,255,255,255,255,255,255,255,255,255,255,255,255,254,254,255,252,255,203,4,26,240,250,255,255,255,254,253,255,252,252,255,255,253,254,254,254,254,255,255,255,255,255,255,255,255,255,255,255,255,255,255,255,255,255,255,255,255,255,255,255,255,255,255,255,255,255,255,251,255,255,254,255,255,254,254,255,254,255,253,250,251,253,76,5,110,254,253,254,255,255,254,255,255,255,255,255,255,255,255,255,255,255,255,255,255,255,255,255,255,255,255,255,255,255,255],
 [255,255,255,255,255,255,255,255,255,255,255,255,255,255,255,255,255,255,255,255,255,255,255,255,255,255,252,255,251,254,221,0,86,254,247,255,251,253,255,254,253,255,255,253,255,255,254,255,255,255,255,255,255,255,255,255,255,255,255,255,255,255,255,255,255,255,255,255,255,255,255,255,254,254,254,255,255,255,255,255,255,255,253,255,255,254,253,255,255,253,255,255,255,254,252,175,0,128,255,251,254,255,253,255,255,255,255,255,255,255,255,255,255,255,255,255,255,255,255,255,255,255,255,255,255,255,255,255],
 [255,255,255,255,255,255,255,255,255,255,255,255,255,255,255,255,255,255,255,255,255,255,255,255,255,253,255,252,255,251,234,15,64,255,248,255,255,255,255,254,254,255,255,254,253,255,255,255,255,255,255,255,255,254,254,254,255,255,255,255,255,255,255,255,255,255,255,255,255,255,255,255,255,255,255,255,255,255,254,254,254,255,255,255,254,253,255,255,255,255,253,254,255,251,255,167,1,143,255,251,255,254,253,255,255,255,255,255,255,255,255,255,255,255,255,255,255,255,255,255,255,255,255,255,255,255,255,255],
 [255,255,255,255,255,255,255,255,255,255,255,255,255,255,255,255,255,255,255,255,255,255,255,255,255,253,255,253,255,255,243,32,46,252,253,251,252,255,251,255,254,255,255,255,255,255,254,251,255,255,255,255,255,255,255,255,255,255,255,255,255,255,255,255,255,255,255,255,255,255,255,255,255,255,255,255,255,255,255,255,255,255,253,254,255,255,255,254,253,252,255,251,254,252,252,133,2,160,255,248,253,254,255,255,255,255,255,255,255,255,255,255,255,255,255,255,255,255,255,255,255,255,255,255,255,255,255,255],
 [255,255,255,255,255,255,255,255,255,255,255,255,255,255,255,255,255,255,255,255,255,255,255,255,255,253,255,254,254,255,252,53,1,172,253,251,255,254,255,253,255,255,254,252,253,255,255,255,255,255,255,255,255,255,255,255,255,255,255,255,255,255,255,255,255,255,255,255,255,255,255,255,255,255,255,255,255,255,255,255,253,254,255,255,255,255,255,255,255,255,255,255,246,255,219,30,1,179,255,250,255,255,254,255,255,255,255,255,255,255,255,255,255,255,255,255,255,255,255,255,255,255,255,255,255,255,255,255],
 [255,255,255,255,255,255,255,255,255,255,255,255,255,255,255,255,255,255,255,255,255,255,255,255,255,253,255,255,253,255,254,70,5,32,179,254,248,252,255,255,253,255,255,255,255,253,252,252,255,255,255,255,255,255,254,254,255,255,255,255,255,255,255,255,255,255,255,255,255,255,255,255,254,254,254,255,255,255,255,255,252,254,255,255,255,255,254,254,250,255,248,247,255,221,59,33,6,199,253,253,255,255,252,255,255,255,255,255,255,255,255,255,255,255,255,255,255,255,255,255,255,255,255,255,255,255,255,255],
 [255,255,255,255,255,255,255,255,255,255,255,255,255,255,255,255,255,255,255,255,255,255,255,255,255,253,255,255,254,254,253,86,14,165,52,128,254,255,243,247,253,253,253,254,254,255,255,255,255,255,255,255,255,255,255,255,255,255,255,255,255,255,255,255,255,255,255,255,255,255,255,255,255,255,255,255,255,255,255,255,255,255,253,253,254,255,255,254,255,246,255,255,172,28,165,105,7,216,254,254,254,254,253,255,255,255,255,255,255,255,255,255,255,255,255,255,255,255,255,255,255,255,255,255,255,255,255,255],
 [255,255,255,255,255,255,255,255,255,255,255,255,255,255,255,255,255,255,255,255,255,255,255,255,255,254,255,255,255,253,254,108,0,207,248,73,62,180,255,255,254,253,252,254,255,255,255,255,255,255,255,255,255,255,255,255,255,255,255,255,255,255,255,255,255,255,255,255,255,255,255,255,255,255,255,255,255,255,255,255,252,254,255,255,255,255,254,254,255,255,213,79,51,196,255,63,5,224,255,255,252,255,255,253,255,255,255,255,255,255,255,255,255,255,255,255,255,255,255,255,255,255,255,255,255,255,255,255],
 [255,255,255,255,255,255,255,255,255,255,255,255,255,255,255,255,255,255,255,255,255,255,255,255,255,255,254,255,255,250,255,131,2,176,255,252,178,62,63,158,246,250,255,255,250,247,249,254,254,254,255,255,255,255,255,255,255,255,255,255,255,255,255,255,255,255,255,255,255,255,255,255,255,255,255,255,255,254,254,254,255,253,249,249,253,255,253,250,179,88,51,143,252,255,241,38,41,237,255,255,255,255,255,252,255,255,255,255,255,255,255,255,255,255,255,255,255,255,255,255,255,255,255,255,255,255,255,255],
 [255,255,255,255,255,255,255,255,255,255,255,255,255,255,255,255,255,255,255,255,255,255,255,255,255,255,254,255,255,248,255,146,0,166,251,252,254,254,187,79,51,103,176,233,255,255,254,255,253,253,253,253,254,254,254,254,255,255,255,255,255,255,255,255,255,255,255,255,255,255,255,255,255,255,254,254,253,253,252,252,255,252,254,255,246,195,119,60,67,154,239,255,245,255,136,0,98,255,252,254,255,253,255,255,255,255,255,255,255,255,255,255,255,255,255,255,255,255,255,255,255,255,255,255,255,255,255,255],
 [255,255,255,255,255,255,255,255,255,255,255,255,255,255,255,255,255,255,255,255,255,255,255,255,253,255,249,255,252,252,251,187,0,89,255,250,244,252,255,253,225,143,79,61,79,133,194,231,254,255,255,255,255,255,255,253,253,251,250,249,250,251,252,252,251,252,252,251,249,249,251,253,255,255,255,255,255,252,253,255,243,205,148,91,63,68,122,207,255,253,253,253,253,147,2,22,231,246,255,255,255,255,255,255,255,255,255,255,255,255,255,255,255,255,255,255,255,255,255,255,255,255,255,255,255,255,255,255],
 [255,255,255,255,255,255,255,255,255,255,255,255,255,255,255,255,255,255,255,255,255,255,255,255,252,255,253,255,255,255,255,247,62,0,136,255,255,254,252,252,255,250,254,231,172,114,76,61,71,95,133,172,201,223,243,255,253,255,255,255,255,254,254,254,255,254,254,255,255,255,255,253,253,244,228,207,182,147,107,79,56,72,104,158,217,252,255,253,250,255,254,227,96,3,10,201,247,255,255,255,254,255,255,255,255,255,255,255,255,255,255,255,255,255,255,255,255,255,255,255,255,255,255,255,255,255,255,255],
 [255,255,255,255,255,255,255,255,255,255,255,255,255,255,255,255,255,255,255,255,255,255,255,255,255,255,255,253,254,252,249,255,205,26,2,99,222,251,255,252,246,248,255,254,254,255,249,236,199,165,121,89,71,63,64,68,84,91,102,113,123,130,136,140,140,138,133,127,118,106,93,85,74,65,63,71,83,106,149,188,233,250,254,255,252,248,255,255,255,224,131,16,0,59,215,250,254,255,255,254,255,255,255,255,255,255,255,255,255,255,255,255,255,255,255,255,255,255,255,255,255,255,255,255,255,255,255,255],
 [255,255,255,255,255,255,255,255,255,255,255,255,255,255,255,255,255,255,255,255,255,255,255,255,255,255,255,252,255,255,248,252,255,207,58,2,14,127,209,254,255,252,251,249,250,250,250,255,255,252,251,255,255,244,224,210,186,173,155,139,129,124,121,119,120,121,123,128,137,151,167,178,200,222,243,251,254,255,255,255,255,250,254,255,253,255,238,179,91,21,0,36,138,242,255,251,253,254,254,254,255,255,254,255,255,255,255,255,255,255,255,255,255,255,255,255,255,255,255,255,255,255,255,255,255,255,255,255],
 [255,255,255,255,255,255,255,255,255,255,255,255,255,255,255,255,255,255,255,255,255,255,255,255,253,255,255,255,254,255,255,255,251,255,241,135,35,0,1,68,143,197,247,255,253,255,254,254,255,253,247,245,248,252,254,253,255,254,253,255,255,255,255,251,254,255,255,255,253,253,255,255,255,254,254,255,253,249,252,255,255,255,250,214,165,101,33,1,1,44,137,229,252,254,252,253,255,255,255,255,255,254,252,255,255,255,255,255,255,255,255,255,255,255,255,255,255,255,255,255,255,255,255,255,255,255,255,255],
 [255,255,255,255,255,255,255,255,255,255,255,255,255,255,255,255,255,255,255,255,255,255,255,255,255,254,253,255,252,249,255,254,252,253,255,255,237,153,63,5,0,0,28,80,133,171,203,237,246,251,255,255,255,255,255,254,254,255,255,254,253,253,255,255,255,255,254,254,255,255,254,253,254,255,252,250,254,248,217,183,138,102,49,8,0,0,29,104,181,243,255,255,254,255,252,255,255,255,255,255,255,253,253,255,255,255,255,255,255,255,255,255,255,255,255,255,255,255,255,255,255,255,255,255,255,255,255,255],
 [255,255,255,255,255,255,255,255,255,255,255,255,255,255,255,255,255,255,255,255,255,255,255,255,255,254,253,255,255,255,255,255,255,252,253,249,252,255,255,220,156,99,38,2,0,1,5,13,47,69,99,126,146,164,183,197,210,216,224,231,234,236,239,241,238,237,235,231,223,211,198,189,165,146,121,94,60,26,6,1,4,0,21,73,131,199,247,255,255,255,248,252,254,254,255,255,253,255,254,252,254,255,255,255,255,255,255,255,255,255,255,255,255,255,255,255,255,255,255,255,255,255,255,255,255,255,255,255],
 [255,255,255,255,255,255,255,255,255,255,255,255,255,255,255,255,255,255,255,255,255,255,255,255,253,255,255,252,254,255,252,255,254,255,254,254,255,253,255,251,254,254,247,215,174,134,89,58,29,13,0,0,1,1,0,0,1,3,6,11,16,20,21,21,20,20,18,13,6,2,0,0,2,0,0,3,16,42,82,115,158,208,238,254,255,253,251,252,249,255,251,255,253,255,255,255,254,255,255,254,255,255,254,253,255,255,255,255,255,255,255,255,255,255,255,255,255,255,255,255,255,255,255,255,255,255,255,255],
 [255,255,255,255,255,255,255,255,255,255,255,255,255,255,255,255,255,255,255,255,255,255,255,255,255,255,255,255,255,255,255,255,255,255,255,255,255,255,255,255,251,252,253,254,254,254,255,255,241,227,206,185,165,145,125,113,97,91,80,70,63,61,61,63,60,62,65,70,79,94,111,123,148,164,188,212,234,250,255,255,253,254,255,254,253,253,254,254,255,255,255,255,255,255,255,255,255,255,255,255,255,255,255,255,255,255,255,255,255,255,255,255,255,255,255,255,255,255,255,255,255,255,255,255,255,255,255,255],
 [255,255,255,255,255,255,255,255,255,255,255,255,255,255,255,255,255,255,255,255,255,255,255,255,255,255,255,255,255,255,255,255,255,255,255,255,255,255,255,255,254,255,255,255,254,253,253,254,255,255,253,253,255,255,255,254,255,255,254,254,254,255,255,255,254,255,255,255,254,254,255,255,252,255,255,255,255,255,254,251,254,254,255,255,254,254,254,255,255,255,255,255,255,255,255,255,255,255,255,255,255,255,255,255,255,255,255,255,255,255,255,255,255,255,255,255,255,255,255,255,255,255,255,255,255,255,255,255],
 [255,255,255,255,255,255,255,255,255,255,255,255,255,255,255,255,255,255,255,255,255,255,255,255,255,255,255,255,255,255,255,255,255,255,255,255,255,255,255,255,255,255,255,255,254,253,253,253,252,252,252,251,251,251,252,252,252,253,254,255,255,254,253,252,255,255,255,255,254,252,251,250,252,254,254,252,252,255,255,254,255,255,255,255,255,255,255,255,255,255,255,255,255,255,255,255,255,255,255,255,255,255,255,255,255,255,255,255,255,255,255,255,255,255,255,255,255,255,255,255,255,255,255,255,255,255,255,255],
 [255,255,255,255,255,255,255,255,255,255,255,255,255,255,255,255,255,255,255,255,255,255,255,255,255,255,255,255,255,255,255,255,255,255,255,255,255,255,255,255,255,255,255,255,255,255,255,255,255,255,255,255,254,253,254,255,255,255,255,255,254,254,254,254,254,254,253,253,254,255,255,255,253,255,255,255,255,255,255,253,255,255,255,255,255,255,255,255,255,255,255,255,255,255,255,255,255,255,255,255,255,255,255,255,255,255,255,255,255,255,255,255,255,255,255,255,255,255,255,255,255,255,255,255,255,255,255,255],
 [255,255,255,255,255,255,255,255,255,255,255,255,255,255,255,255,255,255,255,255,255,255,255,255,255,255,255,255,255,255,255,255,255,255,255,255,255,255,255,255,255,255,255,255,255,255,255,255,255,255,255,255,255,255,255,255,255,255,255,254,255,255,255,255,255,255,255,255,255,255,254,253,254,255,254,253,254,255,255,255,255,255,255,255,255,255,255,255,255,255,255,255,255,255,255,255,255,255,255,255,255,255,255,255,255,255,255,255,255,255,255,255,255,255,255,255,255,255,255,255,255,255,255,255,255,255,255,255],
 [255,255,255,255,255,255,255,255,255,255,255,255,255,255,255,255,255,255,255,255,255,255,255,255,255,255,255,255,255,255,255,255,255,255,255,255,255,255,255,255,255,255,255,255,255,255,255,255,253,253,253,254,255,255,255,255,255,255,255,254,253,253,253,253,254,254,254,255,255,255,255,255,255,255,255,255,254,254,254,254,255,255,254,255,255,255,255,254,255,255,255,255,255,255,255,255,255,255,255,255,255,255,255,255,255,255,255,255,255,255,255,255,255,255,255,255,255,255,255,255,255,255,255,255,255,255,255,255],
 [255,255,255,255,255,255,255,255,255,255,255,255,255,255,255,255,255,255,255,255,255,255,255,255,255,255,255,255,255,255,255,255,255,255,255,255,255,255,255,255,255,255,255,255,255,255,255,254,255,255,255,255,255,254,254,254,255,255,255,255,255,255,255,255,255,255,255,254,253,254,255,255,253,254,255,255,255,255,255,254,255,255,254,255,255,255,255,254,255,255,255,255,255,255,255,255,255,255,255,255,255,255,255,255,255,255,255,255,255,255,255,255,255,255,255,255,255,255,255,255,255,255,255,255,255,255,255,255],
 [255,255,255,255,255,255,255,255,255,255,255,255,255,255,255,255,255,255,255,255,255,255,255,255,255,255,255,255,255,255,255,255,255,255,255,255,255,255,255,255,255,255,254,255,255,255,255,255,253,254,255,255,255,254,255,255,255,255,255,255,255,255,255,255,254,255,255,255,255,255,255,255,255,255,255,255,255,255,255,255,255,255,254,255,255,255,255,254,255,255,255,255,255,255,255,255,255,255,255,255,255,255,255,255,255,255,255,255,255,255,255,255,255,255,255,255,255,255,255,255,255,255,255,255,255,255,255,255]]